 0.000E+00 1.218E-14 1.322E-14 1.498E-14 1.728E-14 1.933E-14 1.888E-14 1.147E-14  0.000E+00 
 5.000E-02 1.265E-14 1.369E-14 1.545E-14 1.774E-14 1.995E-14 4.492E-14 1.210E-12 5.520E-11 
 1.000E-01 1.276E-14 1.380E-14 1.555E-14 1.785E-14 2.396E-14 2.276E-13 9.619E-12 4.415E-10 
 1.500E-01 1.282E-14 1.386E-14 1.562E-14 1.815E-14 5.294E-14 1.558E-12 7.081E-11 3.216E-09 
 2.000E-01 1.288E-14 1.393E-14 1.568E-14 2.279E-14 2.639E-13 1.125E-11 5.149E-10 2.234E-08 
 2.500E-01 1.294E-14 1.398E-14 1.608E-14 5.628E-14 1.799E-12 8.166E-11 3.694E-09 1.378E-07 
 3.000E-01 1.300E-14 1.404E-14 2.143E-14 2.996E-13 1.295E-11 5.914E-10 2.541E-08 6.263E-07 
 3.500E-01 1.306E-14 1.455E-14 6.010E-14 2.068E-12 9.385E-11 4.227E-09 1.536E-07 1.888E-06 
 4.000E-01 1.312E-14 2.074E-14 3.407E-13 1.490E-11 6.784E-10 2.883E-08 6.802E-07 4.141E-06 
 4.500E-01 1.377E-14 6.536E-14 2.376E-12 1.078E-10 4.833E-09 1.707E-07 2.010E-06 7.397E-06 
 5.000E-01 2.090E-14 3.888E-13 1.712E-11 7.778E-10 3.266E-08 7.361E-07 4.363E-06 1.154E-05 
 5.500E-01 7.238E-14 2.731E-12 1.238E-10 5.521E-09 1.894E-07 2.133E-06 7.752E-06 1.639E-05 
 6.000E-01 4.449E-13 1.968E-11 8.912E-10 3.694E-08 7.947E-07 4.578E-06 1.206E-05 2.171E-05 
 6.500E-01 3.139E-12 1.420E-10 6.301E-09 2.095E-07 2.257E-06 8.084E-06 1.709E-05 2.728E-05 
 7.000E-01 2.260E-11 1.020E-09 4.172E-08 8.561E-07 4.789E-06 1.253E-05 2.261E-05 3.288E-05